99
69
68
69
181
90
78
71
86
67
73
208
78
75
70
70
175
70
70
70
75
82
69
73
71
71
70
73
88
87
95
95
73
102
74
75
85
69
66
81
79
63
221
79
92
74
73
82
91
77
67
70
72
95
65
96
84
102
187
86
89
109
81
67
71
233
67
90
96
181
96
521
105
177
93
69
81
137
77
76
74
66
72
89
86
74
190
67
68
81
69
93
68
67
73
107
100
72
105
106
99
81
71
117
104
88
106
98
75
192
101
101
71
102
101
87
104
113
66
226
101
103
82
99
104
167
104
103
90
557
224
103
70
107
216
98
86
89
196
227
86
104
105
104
116
110
303
86
108
81
82
90
89
75
217
69
99
67
121
92
105
74
103
104
208
89
237
92
69
74
83
251
104
212
186
102
88
80
104
70
92
122
331
203
217
71
80
104
104
66
122
105
120
220
100
102
97
684
108
80
82
107
98
70
73
105
105
98
216
82
112
103
223
73
99
241
111
202
107
103
71
199
101
756
206
282
110
148
163
96
112
72
87
85
125
103
72
100
70
121
84
69
107
71
100
205
96
800
110
175
150
100
217
105
100
105
82
114
96
94
94
182
60
107
102
80
89
165
97
96
73
90
87
210
248
107
226
523
90
83
93
105
61
102
116
80
81
104
91
105
199
66
73
222
111
128
88
72
91
706
98
78
76
104
108
88
105
99
89
220
117
119
103
70
125
107
109
87
98
102
226
90
92
80
72
106
184
89
105
87
216
108
88
86
107
88
96
217
175
106
217
222
88
132
106
86
99
100
147
530
224
106
85
86
111
229
107
93
218
86
113
95
238
92
121
87
66
106
233
105
114
77
108
88
509
68
96
71
284
167
118
569
221
84
108
96
216
66
261
82
336
105
105
86
70
100
98
87
111
69
70
77
83
84
124
73
122
63
103
100
70
106
107
87
68
84
218
234
86
116
181
86
87
94
87
84
86
175
68
90
181
1006
88
82
108
101
189
106
73
70
99
88
111
82
69
80
87
75
86
89
90
66
95
74
79
82
84
88
88
75
172
84
69
286
73
83
83
173
116
83
81
67
82
112
71
102
108
69
245
108
105
122
96
70
69
105
335
109
166
310
74
82
225
104
74
101
84
89
73
86
82
86
102
108
111
117
148
113
105
68
111
95
102
104
86
68
282
89
245
83
67
245
100
212
78
102
161
93
69
105
124
677
69
97
69
215
109
103
80
142
152
652
90
86
66
103
80
104
77
75
82
786
74
80
79
114
254
93
83
224
79
105
81
101
91
94
107
107
234
104
166
80
106
502
70
93
215
104
105
199
530
73
106
99
69
72
255
119
107
82
146
81
88
71
73
118
90
91
86
478
102
104
106
67
113
82
92
99
159
97
97
107
73
77
263
430
98
65
216
133
105
225
513
82
74
128
214
103
72
86
164
520
71
85
293
91
111
85
113
524
104
102
107
124
117
114
83
177
104
209
83
94
206
68
112
97
200
108
105
280
75
88
68
69
87
172
71
106
74
100
61
91
82
78
222
79
166
87
104
86
199
77
239
100
94
89
76
73
75
74
92
260
174
171
91
301
87
94
72
71
57
86
66
122
106
68
70
112
103
298
80
116
95
91
82
71
76
86
72
92
150
85
75
67
75
85
73
70
70
76
73
90
77
82
88
79
113
79
90
99
69
85
76
92
72
65
77
80
168
71
82
86
176
95
78
105
74
79
73
65
73
77
72
78
100
74
85
77
187
91
100
68
70
69
115
73
88
71
70
68
69
67
73
107
69
75
84
68
102
90
75
71
87
239
67
100
170
69
78
87
88
70
86
72
281
83
77
94
69
74
86
387
72
86
108
72
167
241
106
84
76
71
71
88
78
90
60
154
177
75
93
73
69
80
72
65
68
69
90
86
68
74
84
70
74
82
72
78
92
